76424869018843
76424869018856
76424869018869
76424869018871
76424869018884
76424869018897
76424868228963
76424868228976
76424868229002
76424868229015
76424868229028
76424868146374
76424868229043
76424868229056
76424869114996
76424869125884
76424869125907
76424869125935
76424869125948
76424869115007
76424869125963
76424869125976
76424868921162
76424868921196
76424868921206
76424868921213
76424868921239
76424868921241
76424868921254
76424869500948
76424869500956
76424869500963
76424869500976
76424869500989
76424869500991
76424869501028
76424867292773
76424867292786
76424867292799
76424867292809
76424867292811
76424867292824
76424968775771
76424868332936
76424867292852
76424869327805
76424869327833
76424869327846
76424869327859
76424869327874
76424867957450
76424867957462
76424867957475
76424867957496
76424867957506
76424867957513
76424867957526
76424867094046
76424867094059
76424867094061
76424867094074
76424867094087
76424867094090
76424867094112
76424867094138
76424867094146
76424867094153
76424867094179
76424867094181
76424867094194
76424867094204
76424867094217
76424867677075
76424867677088
76424869115010
76424867677096
76424867677106
76424867677126
76424867677139
76424867677141
76424867677167
76424868146387
76424868637527
76424868637530
76424868637542
76424868637555
76424868637568
76424868637576
76424868637583
76424868637596
76424868146390
76424869115022
76424868332949
76424868332951
76424868332964
76424868332977
76424868332992
76424868333016
76424868154207
76424868146400
76424868146412
76424868332936
76424868154210
76424868154222
76424868628381
76424868529646
76424868154235
76424868628394
76424868628404
76424868529666
76424868529679
76424871211728
76424872741395
76424873007263
76424872244736
76424870829892
76424869500815
76424868044833
76424868332786
76424868225487
76424873319742
76424871446081
76424871446120
76424872152122
76424869998583
76424871362837
76424872562836
76424871834570
76424869992304
76424869992358
76424870495357
76424870364935
76424870062164
76424870062228
76424871315897
76424871211784
76424870942580
76424871511174
76424871511212
76424870942549
76424871511320
76424871511366
76424871316255
76424871316283
76424967200884
76424871212101
76424870550282
76424870942776
76424868799006
76424871146329
76424869896910
76424871212101
76424870829969
76424869099947
76424867883834
76424869022461
76424869216596
76424868925446
76424868157724
76424867873440
76424867297109
76424867873544
76424869500749
76424869125922
76424868921188
76424869327782
76424869327826
76424869327861
76424867957447
76424867957539
76424867094125
76424868637606
76424864092671
76424865633777
76424865633780
76424865633792
76424865633802
76424865633815
76424865633828
76424865633836
76424865633764
76424865135846
76424865135861
76424865135874
76424865135890
76424865135900
76424865135925
76424865352779
76424865352781
76424865352804
76424865352817
76424865352820
76424864982871
76424864982907
76424864982910
76424865352766
76424860924421
76424859880487
76424859880490
76424861324461
76424859375584
76424859065807
76424859065810
76424859065835
76424859065848
76424859065856
76424859065863
76424859065876
76424859065889
76424859374733
76424859374746
76424861016996
76424861017007
76424861017010
76424861017022
76424861012457
76424861012460
76424861012485
76424861012498
76424861012516
76424861012523
76424861012536
76424860714979
76424861306121
76424860714981
76424860715005
76424859858304
76424859858317
76424859858320
76424859858345
76424859858366
76424859056986
76424859056993
76424858779167
76424859057020
76424859057032
76424859053912
76424859053946
76424859053953
76424859053966
76424859053979
76424859053981
76424858776461
76424858776474
76424860320321
76424860320347
76424860412113
76424860320350
76424860320362
76424860320388
76424860320396
76424860320406
76424860412126
76424860320413
76424860412139
76424859595222
76424860412141
76424859595256
76424859595263
76424857885253
76424857885266
76424857885279
76424857885281
76424857885294
76424857885304
76424857885317
76424859790736
76424859790749
76424859790764
76424859790780
76424859790792
76424859790815
76424859849235
76424859849256
76424859849263
76424859849301
76424859849314
76424858661631
76424858661644
76424858661657
76424858661660
76424859846739
76424859846754
76424859845732
76424859846770
76424859845745
76424859845758
76424859845773
76424859845786
76424859845799
76424859845809
76424859937338
76424859937346
76424859937353
76424859937366
76424859937379
76424859937381
76424859937394
76424859937417
76424859937420
76424860405749
76424860405751
76424860405777
76424860405780
76424860605346
76424860405802
76424860405828
76424860605366
76424860405836
76424860605379
76424860605417
76424860605420
76424860605432
76424860029158
76424859844404
76424860029173
76424860029199
76424860029209
76424857499431
76424857499444
76424857499472
76424857499485
76424857499498
76424857499508
76424859935310
76424859935322
76424859935335
76424859935348
76424859935356
76424859935363
76424859935376
76424859935389
76424859935401
76424859449128
76424859449136
76424859449143
76424859449171
76424859449197
76424859449207
76424859243622
76424859243635
76424859243656
76424859243663
76424859243676
76424859243689
76424859243691
76424858764125
76424858764138
76424859243714
76424858764146
76424858764153
76424858764166
76424858764179
76424858764194
76424858764204
76424858764217
76424857878067
76424857878070
76424857878095
76424857878105
76424857878126
76424857878133
76424857878159
76424859933266
76424859933279
76424859933281
76424859776062
76424859776075
76424859933304
76424859776106
76424859776126
76424859776141
76424858763251
76424858763264
76424858763280
76424858763302
76424858763315
76424858763336
76424858763343
76424859776006
76424859776019
76424859776034
76424859158146
76424859158159
76424859158161
76424859158174
76424859776050
76424859158190
76424859158225
76424858654660
76424858654672
76424858654685
76424858654708
76424858654716
76424858654736
76424857495477
76424857495480
76424857495502
76424857495515
76424857495528
76424858654552
76424858654586
76424858654593
76424858654603
76424858654616
76424858654629
76424858654644
76424857495385
76424857495398
76424857495408
76424857495416
76424857495449
76424857495451
76424860108112
76424860108146
76424860108153
76424860108179
76424860108181
76424860108194
76424860108204
76424859772649
76424858505063
76424858505091
76424858505127
76424858505130
76424857430866
76424857430879
76424857430881
76424857430894
76424857430917
76424857238058
76424857238073
76424857238086
76424857238099
76424857238124
76424857238137
76424857238140
76424856683912
76424856683925
76424856683938
76424856683953
76424856683966
76424856683979
76424856683981
76424856683994
76424856684005
76424857237952
76424857237965
76424857237978
76424857237986
76424857238004
76424857238017
76424857238020
76424857238032
76424857238045
76424857944605
76424857944618
76424857944626
76424857944633
76424857944661
76424857944674
76424857944753
76424857944766
76424857944781
76424857646294
76424857646304
76424857646320
76424857646332
76424857646358
76424857646366
76424857646373
76424857646386
76424856684090
76424856684125
76424856684138
76424856684146
76424856684153
76424856684166
76424856684179
76424856684181
76424858407755
76424858407768
76424858407776
76424858407783
76424982599945
76424856968347
76424858407806
76424858407819
76424858407821
76424858407834
76424854595107
76424854595110
76424854595122
76424854595135
76424854595148
76424854595156
76424854595163
76424854595176
76424856968214
76424856968230
76424856968242
76424856968255
76424856968268
76424856968283
76424857646465
76424857646478
76424857646486
76424857646493
76424857646503
76424857646516
76424857646529
76424857646531
76424857646544
76424857431079
76424857431081
76424857431094
76424857431117
76424857431132
76424856855308
76424856855323
76424856855336
76424856855364
76424856855377
76424856855380
76424858011743
76424858011756
76424858011771
76424858011784
76424858011797
76424858011822
76424856968350
76424856968362
76424856968388
76424856968396
76424856968406
76424856968413
76424856968426
76424857734754
76424857734767
76424857734770
76424857734795
76424857734805
76424857734818
76424856968347
76424857734826
76424857815645
76424857815658
76424857815699
76424857815709
76424857815711
76424857815724
76424857815737
76424857945178
76424857945186
76424857945231
76424857945244
76424857945257
76424857146930
76424857146942
76424857146955
76424867854456
76424865953186
76424865553719
76424867110724
76424864750736
76424865640034
76424864092460
76424859065891
76424859935391
76424857430853
76424857944712
76424856968296
76424857431066
76424857945203
76424868628420
76424867281500
76424867752593
76424869112016
76424869112023
76424867752458
76424868910685
76424866780494
76424867752843
76424868412456
76424866780611
76424867371276
76424867664866
76424865578402
76424865254914
76424866196249
76424865553706
76424865153377
76424866816565
76424866816578
76424867110658
76424866158232
76424866158258
76424866158286
76424864750698
76424864383321
76424864690758
76424864690811
76424865438368
76424864383362
76424864383375
76424865640062
76424864092516
76424865539178
76424866148346
76424866512968
76424864982629
76424866513206
76424864092643
76424865135887
76424861324474
76424859065822
76424860715018
76424859858358
76424859595248
76424860412154
76424859849276
76424859849291
76424859846741
76424860605404
76424867752907
76424869009894
76424865254901
76424857499516
76424859449169
76424859776139
76424858763277
76424859776021
76424858654657
76424858654723
76424857495536
76424858654631
76424857495423
76424860108138
76424857430932
76424857944595
76424857944646
76424857646345
76424856684100
76424854595084
76424856968276
76424857734833
76424857734846
76424857945260
76425395314124
76425395314747
76425395314775
76425395317825
76425395317853
76425395317866
76425395317881
76425395317894
76425404332362
76425404332396
76425404332406
76425404332413
76425404332439
76425404907221
76425404907234
76425404907247
76425404907250
76425451089706
76425451089719
76425451089721
76425451089734
76425451089747
76425451089750
76425451089775
76425451281098
76425451281123
76425451386125
76425451386138
76425451386146
76425451386153
76425451386179
76425451386194
76425451386204
76425451386217
76425452547719
76425452547721
76425453180564
76425453180577
76425453180580
76425454332175
76425454856868
76425467186703
76425557070702
76425557739226
76425557739241
76425557739254
76425557739267
76425558030800
76425558030812
76425558030838
76425558030846
76425558030866
76425558118989
76425558118991
76425577061479
76425577061481
76425577457807
76425577673072
76425578035583
76425578417116
76425578516786
76425578726167
76425618873360
76425618873385
76425651968404
76425652374900
76425680611972
76425685183510
76425685648982
76425686334436
76425686334484
76425686334510
76425686540779
76425686540804
76425686540817
76425686540832
76425686922745
76425686922786
76425693082640
76425693453332
76425693453373
76425760824386
76425761216376
76425761513634
76425767946025
76425768557402
76425768557415
76425768557443
76425768729331
76425768729357
76425768729372
76425768729398
76425769134034
76425771033833
76425771233514
76425787897416
76425787897431
76425787897460
76425787897485
76425788193688
76425788193874
76425788680797
76425788680822
76425788680856
76425788779662
76425788779675
76425576947957
76425395314750
76425771934074
