76422236127672
76422199767413
76422244152403
76422317584378
76422363647452
76422313861808
76422312971213
76422313861823
76422237830776
76422313861836
76422237066179
76422313861851
76422313861877
76422313861849
76422381645427
76422318458201
76422319636968
76422247725946
76422244696992
76422313861816
76422473251757
76422317664816
76422317664829
76422319333532
76422316607745
76422315754995
76422311646010
76422380692225
76422380692238
76422380692266
76422380692281
76422446754319
76422258331953
76422368583313
76422353897428
76422257372878
76422444775407
76422444699056
76422457399318
76422249734429
76422408309449
76422319636955
76422421245225
76422311646048
76422207008753
76422382195965
76422314937326
76422314841638
76422421128693
76422382304768
76422464122092
76422311646035
76422311646063
76422371981283
76422372965887
76422464122115
76422314937346
76422386336922
76422382304776
76422205843377
76422314937318
76422381215274
76422410086837
76422448287176
76422377661198
76422380692253
76422207008766
76422240144646
76422433290231
76422433290229
76422313244135
76422313244148
76422313244156
76422251803225
76422411053697
76422314612359
76422314612361
76422314612374
76422380692246
76422380692279
76422411053707
76422319636976
76422440340667
76422313244122
76422320821663
76422313244176
76422314612333
76422313244163
76422658660625
76422658660638
76422591784206
76422592650766
76422509631641
76422591784196
76422604350419
76422512044819
76422642558845
76422523923989
76422658485135
76422504851050
76422592494689
76422593840077
76422658175228
76422591163898
76422591163916
76422591163844
76422591163857
76422591163885
76422467226692
76422528244466
76422685152392
76422654352385
76422526154101
76422514875150
76422526870211
76422723359355
76422671782958
76422659074736
76422685152402
76422681693557
76422518386534
76422527494533
76422665424113
76422605649697
76422605649707
76422642558858
76422606086984
76422606086997
76422606412028
76422606412036
76422713211198
76422682585151
76422592692793
76422592692752
76422480687096
76422747305829
76422594757187
76422481473657
76422520432744
76422725164136
76422592692786
76422532722533
76422681693560
76422658175215
76422657699016
76422657699049
76422657699023
76422691932374
76422658767964
76422658767936
76422658767949
76422658767923
76422658767951
76422593069391
76422736248042
76422520432757
76422495072937
76422724520002
76422657699036
76422657699051
76422523806367
76422771014212
76422770868944
76422911143487
76422948932891
76422854530896
76422956998296
76422956998306
76422956998313
76422956998326
76422956998341
76422924044110
76422855329638
76422957097913
76422771014200
76422798774347
76422851946791
76422851946830
76422851946868
76422924150113
76422850582872
76422850582898
76422850582908
76422850582916
76422924593624
76422850582949
76422924150170
76422747639038
76422785636385
76422783555639
76422901739152
76422754015680
76422790971848
76422969099886
76422806601973
76422783023705
76422892928300
76422923409280
76422748160463
76422953647753
76422973212163
76422938428753
76422988749014
76422902489103
76422960692644
76422864166268
76422805372308
76422792453192
76422926723935
76422851946842
76422924150126
76422856456492
76422990107545
76422857425996
76422857426001
76422857426014
76422984206819
76422859766106
76422850582923
76422944918032
76422924150141
76422924150154
76422788887713
76422765586076
76422932101728
76422854166386
76422788887675
76422901763682
76422944918058
76422860254895
76422957456816
76422924044084
76422957456829
76422957456831
76422924044107
76422957456844
76422744568310
76422854530919
76422959701937
76422924044097
76423082902256
76423082902276
76423080193016
76423082902207
76423087975593
76423082902210
76423199183174
76423212032754
76423086875326
76423015634653
76423161181209
76423082824994
76423082824981
76423081292585
76423082824979
76423081292616
76423081292608
76423009775742
76423099334550
76423136133525
76423177792359
76423023285256
76423136562725
76422996380285
76423014836432
76423018083739
76423009036145
76422995457681
76423023207406
76423141540322
76423158050008
76423018330443
76423017874490
76423023076876
76423190475036
76423082825005
76423026925373
76423113169971
76423024343690
76423082075623
76423172155938
76423015634638
76423144326715
76423158049991
76423099334547
76423082477670
76423162366745
76423081979620
76423161484356
76423197510727
76423247013143
76423087712840
76423219884736
76423197281398
76423121893719
76423162915876
76423082824953
76423021056619
76423001326171
76423169887126
76423190475028
76423088206115
76423212612983
76423092657418
76423022858281
76423181251404
76423143693246
76423080950396
76423080950406
76423080950362
76423080683555
76423023076868
76423210198519
76423210198506
76423210198547
76423162513314
76423162513301
76423014364784
76423210198534
76423080950426
76423448158027
76423524540303
76423374500780
76423262855429
76423373657711
76423373657724
76423315351226
76423374498846
76423370860392
76423481397220
76423292142069
76423408264197
76423451903533
76423314932472
76423421763545
76423517630246
76423306635623
76423406794341
76423375613348
76423375927582
76423375174020
76423375174045
76423490925412
76423369274024
76423452297264
76423369274037
76423375174032
76423537012683
76423454353018
76423454353033
76423446952061
76423370860415
76423282302556
76423489884094
76423272464079
76423481397245
76423483601136
76423451493285
76423483601149
76423451493316
76423451493336
76423522958196
76423447075545
76423296881912
76423451493298
76423576648368
76423593599096
76423670333159
76423554957530
76423670333174
76423750924600
76423668540359
76423781123452
76423752446997
76423668540374
76423752447016
76423561492222
76423589998886
76423611119208
76423722611487
76423841208508
76423829065776
76423582534900
76423678084033
76423577030076
76423671073540
76423815573207
76423672610823
76423838849416
76423672161363
76423672161376
76423672161389
76423769741814
76423668426226
76423668426239
76423752447023
76423756070370
76423731793615
76423752434000
76423680915063
76423781123478
76423593475972
76423698520009
76423851002086
76423779094030
76423669854883
76423669854896
76423669854950
76423671424964
76423671424977
76423671424980
76423751327478
76423671425029
76423671425031
76423751327493
76423749698412
76423751327503
76423671425044
76423779094042
76423669854876
76423669854947
76423779094055
76423670333146
76423970362394
76424078774388
76423904847562
76423904705990
76423904706013
76423907880276
76423967211815
76423967615849
76424097275613
76423865761710
76424096540181
76423967817548
76424126445824
76423861222011
76424051913124
76424053105047
76423966691755
76424126527101
76423967590758
76424051815101
76423967590786
76424097856479
76424097856494
76424051815127
76423967590766
76423870807365
76423882933980
76423902391929
76423979138596
76423898801476
76423912621863
76423889158279
76423894776972
76424065910521
76424064126956
76424018110849
76424136721651
76424041262640
76423967590809
76423892983796
76423978630160
76424195741013
76424200741176
76424200456008
76424200867430
76424199674044
76424389621654
76424203736234
76424389412784
76424396467929
76424401542435
76424389621667
76424359284877
76424284473746
76424286112615
76424286112636
76424286112628
76424279278151
76424279278149
76424364641612
76424423152286
76424412872395
76424454981636
76424409409331
76424415918820
76424288657014
76424298947870
76424183006420
76424298045400
76424327392484
76424162661379
76424291836697
76424362413727
76424292423126
76424292423139
76424362604010
76424289996677
76424362604022
76424298246937
76424279834175
76424279834196
76424443367066
76424460892792
76424282861605
76424362604035
76424282861595
76424279834188
76424285404025
76424285404038
76424358271591
76424156078436
76424207398636
76424219202238
76424196423402
76424397641896
76424388139576
76424199723387
76424281280366
76424358097200
76424281280386
76424281280399
76424358097238
76424281280424
76424358097253
76424395282329
76424358655956
76424358655969
76424395282344
76424358655984
76424358656036
76424360213902
76424396627047
76424395282360
76424395282385
76424285404012
76424285404046
76424358656008
76424358097266
76424281280409
76424360213915
76424342099632
76424522436698
76424522664557
76424762154444
76424766897326
76424751414937
76424767751147
76424463854847
76424604221513
76424604482422
76424604482435
76424604482456
76424775449525
76424604482448
76424604482463
76424687701014
76424722922376
76424722922383
76424687701030
76424722922406
76424722922419
76424495517780
76424501885439
76424486157357
76424684631637
76424731484342
76424607985656
76424605857201
76424528101586
76424752648408
76424606816448
76424606816456
76424684994087
76424766675261
76424605339980
76424606853154
76424767016405
76424664804132
76424458449956
76424687701055
76424496119605
76424495917300
76424653571846
76424707284367
76424763139674
76424756298849
76424467352812
76424754633459
76424687400337
76424751901730
76424751901755
76424603756858
76424687400386
76424687400393
76424751901783
76424751901806
76424751901819
76424751509161
76424687400416
76424751509187
76424751901768
76424687400352
76424509586915
76424713102964
76424603756845
76424687400340
76424687400403
76424944678385
76424944678398
76425022024264
76424944678451
76424949152371
76424944250743
76424811388986
76425046484085
76424853059227
76425022009931
76425048893676
76424944678416
76424944678449
76424941733870
76424993106626
76425067830026
76425086318097
76424947725002
76424839915504
76424838591331
76424839694952
76424871529013
76424839915494
76424847147896
76424953528949
76424866568507
76424838901804
76424870272227
76424868689076
76424834942522
76424843219813
76424857728340
76424964908701
76424975382883
76425033287695
76424945053650
76424975096416
76425033287682
76425080832128
76425112254972
76424980541861
76425069655269
76425093573691
76425107228946
76424945008431
76424943876023
76424945008444
76424943876036
76424943876051
76424943876064
76424945008460
76424943876077
76424944250756
76424945008472
76424943876092
76424945008485
76424944250769
76424945008498
76424943554951
76424943554964
76424943554977
76424943554980
76424865602625
76425021336599
76424943554992
76425021336609
76425019887734
76424983047086
76424943876049
76424857728352
76424941561662
76424948191240
76425095427421
76424944138825
76425069655243
76425035034793
76424945008508
76424869046486
76424825231195
76425080832136
76424845333824
76425022515907
76424948809887
76425051593600
76424947724991
76425000187996
76424940379543
76425021436295
76425021436305
76425021436318
76425048893668
76425021436333
76425078092879
76425100668418
76425065601466
76424944678408
76425022024277
76424858578896
76424794802082
76424820469384
76424805647329
76424827054295
76424827054282
76424788495381
76424865412390
76424838901817
76424868689063
76424821961699
76424828322190
76424866011614
76425045121054
76425038634058
76425031337954
76425107154218
76425017424388
76425100668405
76425104093116
76425031337967
76424867376536
76425022199193
76424822046776
76424959284054
76425021436326
76425022199140
76424803123291
76425031337941
76424948191237
76424806540323
76424940449717
76424940379556
76424828665346
76424944678423
76424944678436
76425022024251
76424796695265
76424941837714
76425022024249
76424942660624
76424942660640
76424942660652
76424942660665
76425021336573
76424942660678
76424942660693
76424942660703
76424942660716
76424943125233
76424943125246
76424944250736
76424943125259
76425078092881
76425021336586
76424943125205
76424843219806
76424982025591
76424971680404
76424839915481
76424871001864
76425121488156
76425033983539
76425065601458
76424949009539
76425009016002
76425112254985
76424942660686
76424943125226
76424871529026
76424834942926
76425023098857
76425117008092
76424941561650
76424941837701
76424941837727
76425023383524
76424941837730
76425023383537
76425121829967
76425121829970
76424871528990
76425077856072
76424941331305
76424941331318
76424942108779
76425057342018
76424940354939
76425067830018
76424942660637
76424871529039
76424865387433
76424964908691
76425059443331
76424866951560
76424946643491
76424868179462
76424946643489
76424866011630
76424868179450
76424790354824
76424813510969
76424818104228
76424865070894
76424867376543
76425022199165
76425022199186
76425021817834
76425021817847
76425021817850
76425021817862
76425021817875
76425048893627
76425021817896
76425021817906
76425021817913
76425048893630
76425021817926
76425020465670
76425078092853
76425078092866
76425020465695
76425020465705
76425020465726
76425020465733
76425020465761
76425021718910
76425021718922
76425021718935
76425017424396
76425020465746
76425048893655
76424940379536
76424940449704
76425020465718
76424866011627
76425048893642
76421911175545
76422105687314
76422059013287
76422032427718
76422107633146
76422032133793
76422173959450
76422032133803
76422190524988
76422032133816
76422108924106
76422189879334
76422032451043
76422106853683
76422032451056
76422031395710
76422032133829
76422031728039
76422169080082
76422146850886
76422098275096
76422062400723
76421970108846
76421970004335
76422053171243
76422108403778
76422108403786
76422108403803
76422170900016
76422108403793
76422070937902
76422031728041
76422093922599
76422070937877
76422029484560
76422039121356
76422169738736
76422029484557
76421954174166
76422157502411
76422038633864
76422027765253
76422027765266
76422027765281
76422027765294
76422027765304
76422108403816
76422132630565
76422027765279
76422108403829
76422181888865
76421724644930
76421887120044
76421724555616
76421860906381
76421890863341
76421814812339
76421858940166
76421724555843
76421814175437
76421814175440
76421735993225
76421722557598
76421809318144
76421725187498
76421727202216
76421889597398
76421811931877
76421880446006
76421725187551
76421736313035
76421798897086
76421866648970
76421628012833
76421724644942
76421860446406
76421860446413
76421828454721
76421737102692
76421646237683
76421802517650
76421649318783
76421816315974
76421610867400
76421874611446
76421738335509
76421849590051
76421849590064
76421849590077
76421723586039
76421725710275
76421418043066
76421570471299
76421418043073
76421548632533
76421418807812
76421418807825
76421571141977
76421418807838
76421411590816
76421411590831
76421496504039
76421496504041
76421416689715
76421415496936
76421411590829
76421415496892
76421415496928
76421424609346
76421320575842
76421336599090
76421350060571
76421306577103
76421538045555
76421421978609
76421418043032
76421336434596
76421418043045
76421556792041
76421423512130
76421409396672
76421409396685
76421530438935
76421530438956
76421415496880
76421531721326
76421494664673
76421342388378
76421342388365
76421531929745
76421531929758
76421415339274
76421409396708
76421523978383
76421472765282
76421530438963
76421530438948
76421556370888
76421531929732
76421530438976
76421415873443
76421099580865
76421152372718
76421099580886
76420979864750
76421099584937
76421100396329
76421268443711
76421099584952
76421037260217
76421179942414
76421099548666
76421180227951
76421103429482
76421101186727
76421101186755
76421120066578
76421103429441
76421268755713
76421099548645
76421101186768
76421103429495
76421103429454
76421103429467
76421180626968
76421180626914
76421179496839
76421099580878
76421038391184
76421023183298
76421226813436
76420987190464
76421029965596
76421269440370
76421028032184
76421243057505
76421108545807
76421243057518
76421243057559
76421243057561
76421243057574
76421243057587
76421235932371
76421243057526
76421243057546
76420725592022
76420697571950
76420797142002
76420797142015
76420807936190
76420796865440
76420796865452
76420968690748
76420878858999
76420796865465
76420797277558
76420927656373
76420878058430
76420797277599
76420878058442
76420797434338
76420802494048
76420875309326
76420792199490
76420794387879
76420794387881
76420920209914
76420794387853
76420719419057
76420719419060
76420797142028
76420797277573
76420878058427
76420797277586
76420792199487
76420794387800
76420796255121
76420794387866
76420795675161
76420920209927
76420920426038
76420845931582
76420795675126
76420797277566
76420797197906
76420729255325
76420893809043
76420920209968
76420794387894
76420794387825
76420873572766
76420803345089
76420686725589
76420815735434
76420793277365
76420802956534
76420953815617
76420793277352
76420936787860
76420873572779
76420803345076
76420942337234
76420668439920
76420874784144
76420487186210
76420485967746
76420485967766
76420647922091
76420486288652
76420573576647
76420633080246
76420487651078
76420488381697
76420487651086
76420487651093
76420647319612
76420481802791
76420481802801
76420487651065
76420485967753
76420485967779
76420049931397
76420170937979
76420322949660
76420247934511
76420171251582
76420248333172
76420248333185
76420170860716
76420248333198
76420170860729
76420248333208
76420245584879
76420174768185
76420320220929
76420170937994
76420248333160
76420170860703
76420323573813
76420174768160
76420174768172
76420247934499
76420170937966
76420247934509
76419866694777
76419866694792
76420015634871
76419865875181
76419945570937
76419868111526
76419864458048
76419945785634
76419865875179
76420015310758
76419866694780
76419866694802
76419467885796
76419567074347
76419679285205
76419567074350
76419567074362
76419567074375
76419716952528
76419743171610
76419565994069
76419568721500
76419649754367
76419568721525
76419563803019
76419563803021
76419680058008
76419566216305
76419650600338
76419251019596
76419251019606
76419253108640
76419251019619
76419154310452
76419251019650
76419251019662
76419251019542
76419251019555
76419251019568
76419250377545
76419249592207
76419251816888
76419383863804
76419261894599
76419261894609
76419378085681
76419261894611
76419261694412
76419251019621
76419251816906
76419135804069
76419331537568
76419251816896
76419383863794
76419251019583
76419251019634
76419384763341
76418941304690
76418941304712
76418941304746
76418941304779
76418941400156
76418941400176
76418941400201
76418940627167
76419025417807
76419025128991
76419106309291
76418936698328
76418936698336
76418936698514
76418940627154
76418941304766
76419025128989
76418941707658
76418941400148
76419105937733
76419025417797
76418941304700
76418941400122
76418940627141
76419091042957
76418632164919
76418723507365
76418723507378
76418632449078
76418723510158
76418629975972
76418721773975
76418633800165
76418767732443
76418629975985
76418632164934
76418321950551
76418321950564
76418199583294
76418321950577
76418321950602
76418321950628
76418322164833
76418448657026
76418403903494
76418480288761
76418323334411
76418323334437
76418325202476
76418324110976
76418324110989
76418446798954
76418324110991
76418446798967
76418324111002
76418324111015
76418446798970
76418446798995
76418322657555
76418404815028
76418453864001
76418441438528
76418322164846
76418313419242
76418192217938
76418446798982
76418321950615
76418323459067
76418321950636
76418321950592
76418484364499
76418003327036
76418003327043
76417890445461
76418003327069
76418089554584
76418003327071
76418003327097
76418003327107
76418001371744
76418008459248
76418001371760
76418156590182
76418148863402
76418003678272
76418004635646
76418089274858
76418004635661
76418003327028
76418003327084
76418009041433
76418003327056
76418001371757
76418004635659
76418000947958
76418142317850
76417882679195
