76425619255588
76425619373846
76425619425884
76425621130694
76425621306547
76425554397616
76425554864571
76425554986608
76425555554053
76425556309309
76425556824453
76425557421466
76425557622700
76425557766584
76425557770585
76425557863736
76425558181536
76425558495046
76425558495199
76425558596871
76425558787151
76425559076487
76425559162931
76425559177483
76425559181576
76425559185776
76425559375529
76425559436320
76425559483076
76425559550756
76425559572892
76425559599020
76425559635905
76425559678408
76425559690262
76425559691029
76425559742020
76425559746806
76425559855396
76425559874244
76425559892656
76425560016375
76425560017874
76425560022019
76425560038072
76425560178847
76425560222828
76425560233374
76425560250743
76425560253166
76425560309526
76425560339398
76425560380248
76425560421145
76425560523230
76425560523296
76425560525628
76425560536930
76425560608096
76425560608540
76425560613999
76425560635696
76425560659779
76425560667826
76425560675452
76425560678372
76425560699004
76425560714556
76425560746081
76425560750105
76425560752060
76425560815261
76425560900988
76425560925868
76425560925876
76425561002262
76425561005871
76425561006786
76425561021208
76425561024526
76425561035243
76425561103057
76425561119636
76425561172190
76425561220191
76425561230665
76425561234101
76425561235430
76425561249700
76425561266645
76425561320230
76425561325867
76425561342180
76425561396349
76425561419279
76425561515896
76425561711689
76425561827339
76425562137950
76425562407909
76425562502856
76425562606851
76425562649114
76425562747747
76425562971376
76425565008027
76425565296146
76425565777302
76425565879611
76425566650220
76425566655673
76425566876851
76425566969175
76425567008571
76425567302068
76425567439639
76425567703659
76425567857185
76425568492944
76425568704269
76425568868016
76425569277018
76425569437596
76425569725474
76425569947794
76425569950972
76425570706827
76425570986832
76425571802846
76425572019359
76425572253066
76425572426902
76425572906639
76425573545110
76425573784135
76425573992912
76425574425534
76425574471236
76425575282276
76425575387211
76425576031551
76425578218199
76425578335650
76425578428251
76425578428726
76425578458843
76425578564967
76425578640338
76425578712162
76425579802106
76425580597416
76425546762401
76425546769804
76425546811096
76425546984316
76425547009454
76425547184356
76425547269740
76425547388160
76425547427952
76425547440147
76425547475294
76425547541911
76425547557962
76425547871026
76425547880712
76425547895981
76425547922723
76425548061919
76425548085384
76425548095554
76425548401212
76425548437226
76425548483466
76425548516693
76425548655162
76425548685185
76425548726771
76425548790976
76425548799057
76425548854615
76425549082818
76425549172132
76425549315137
76425549326888
76425549385450
76425549456367
76425549522203
76425549548529
76425549560421
76425549605166
76425549612059
76425549661216
76425549819730
76425549837125
76425549890061
76425549890352
76425549891001
76425549953080
76425550032164
76425550108392
76425550274704
76425550542837
76425550586788
76425550626025
76425550626079
76425550770196
76425550838083
76425550860447
76425550920599
76425551055000
76425551211820
76425551308151
76425551319619
76425551370226
76425551379269
76425551409038
76425551623408
76425551738889
76425551929804
76425552034257
76425552034364
76425552234556
76425552442914
76425552675977
76425552802668
76425552875581
76425552944269
76425553107324
76425553433765
76425553521830
76425553535597
76425553549535
76425553741613
76425553831017
76425553862940
76425554206978
