76422236127672
76422199767413
76422244152403
76422317584378
76422363647452
76422313861808
76422312971213
76422313861823
76422237830776
76422313861836
76422237066179
76422313861851
76422313861877
76422313861849
76422381645427
76422318458201
76422319636968
76422247725946
76422244696992
76422313861816
76422473251757
76422317664816
76422317664829
76422319333532
76422316607745
76422315754995
76422311646010
76422380692225
76422380692238
76422380692266
76422380692281
76422446754319
76422258331953
76422368583313
76422353897428
76422257372878
76422444775407
76422444699056
76422457399318
76422249734429
76422408309449
76422319636955
76422421245225
76422311646048
76422207008753
76422382195965
76422314937326
76422314841638
76422421128693
76422382304768
76422464122092
76422311646035
76422311646063
76422371981283
76422372965887
76422464122115
76422314937346
76422386336922
76422382304776
76422205843377
76422314937318
76422381215274
76422410086837
76422448287176
76422377661198
76422380692253
76422207008766
76422240144646
76422433290231
76422433290229
76422313244135
76422313244148
76422313244156
76422251803225
76422411053697
76422314612359
76422314612361
76422314612374
76422380692246
76422380692279
76422411053707
76422319636976
76422440340667
76422313244122
76422320821663
76422313244176
76422314612333
76422313244163
76422658660625
76422658660638
76422591784206
76422592650766
76422509631641
76422591784196
76422604350419
76422512044819
76422642558845
76422523923989
76422658485135
76422504851050
76422592494689
76422593840077
76422658175228
76422591163898
76422591163916
76422591163844
76422591163857
76422591163885
76422467226692
76422528244466
76422685152392
76422654352385
76422526154101
76422514875150
76422526870211
76422723359355
76422671782958
76422659074736
76422685152402
76422681693557
76422518386534
76422527494533
76422665424113
76422605649697
76422605649707
76422642558858
76422606086984
76422606086997
76422606412028
76422606412036
76422713211198
76422682585151
76422592692793
76422592692752
76422480687096
76422747305829
76422594757187
76422481473657
76422520432744
76422725164136
76422592692786
76422532722533
76422681693560
76422658175215
76422657699016
76422657699049
76422657699023
76422691932374
76422658767964
76422658767936
76422658767949
76422658767923
76422658767951
76422593069391
76422736248042
76422520432757
76422495072937
76422724520002
76422657699036
76422657699051
76422523806367
76422771014212
76422770868944
76422911143487
76422948932891
76422854530896
76422956998296
76422956998306
76422956998313
76422956998326
76422956998341
76422924044110
76422855329638
76422957097913
76422771014200
76422798774347
76422851946791
76422851946830
76422851946868
76422924150113
76422850582872
76422850582898
76422850582908
76422850582916
76422924593624
76422850582949
76422924150170
76422747639038
76422785636385
76422783555639
76422901739152
76422754015680
76422790971848
76422969099886
76422806601973
76422783023705
76422892928300
76422923409280
76422748160463
76422953647753
76422973212163
76422938428753
76422988749014
76422902489103
76422960692644
76422864166268
76422805372308
76422792453192
76422926723935
76422851946842
76422924150126
76422856456492
76422990107545
76422857425996
76422857426001
76422857426014
76422984206819
76422859766106
76422850582923
76422944918032
76422924150141
76422924150154
76422788887713
76422765586076
76422932101728
76422854166386
76422788887675
76422901763682
76422944918058
76422860254895
76422957456816
76422924044084
76422957456829
76422957456831
76422924044107
76422957456844
76422744568310
76422854530919
76422959701937
76422924044097
76423082902256
76423082902276
76423080193016
76423082902207
76423087975593
76423082902210
76423199183174
76423212032754
76423086875326
76423015634653
76423161181209
76423082824994
76423082824981
76423081292585
76423082824979
76423081292616
76423081292608
76423009775742
76423099334550
76423136133525
76423177792359
76423023285256
76423136562725
76422996380285
76423014836432
76423018083739
76423009036145
76422995457681
76423023207406
76423141540322
76423158050008
76423018330443
76423017874490
76423023076876
76423190475036
76423082825005
76423026925373
76423113169971
76423024343690
76423082075623
76423172155938
76423015634638
76423144326715
76423158049991
76423099334547
76423082477670
76423162366745
76423081979620
76423161484356
76423197510727
76423247013143
76423087712840
76423219884736
76423197281398
76423121893719
76423162915876
76423082824953
76423021056619
76423001326171
76423169887126
76423190475028
76423088206115
76423212612983
76423092657418
76423022858281
76423181251404
76423143693246
76423080950396
76423080950406
76423080950362
76423080683555
76423023076868
76423210198519
76423210198506
76423210198547
76423162513314
76423162513301
76423014364784
76423210198534
76423080950426
76423448158027
76423524540303
76423374500780
76423262855429
76423373657711
76423373657724
76423315351226
76423374498846
76423370860392
76423481397220
76423292142069
76423408264197
76423451903533
76423314932472
76423421763545
76423517630246
76423306635623
76423406794341
76423375613348
76423375927582
76423375174020
76423375174045
76423490925412
76423369274024
76423452297264
76423369274037
76423375174032
76423537012683
76423454353018
76423454353033
76423446952061
76423370860415
76423282302556
76423489884094
76423272464079
76423481397245
76423483601136
76423451493285
76423483601149
76423451493316
76423451493336
76423522958196
76423447075545
76423296881912
76423451493298
76423576648368
76423593599096
76423670333159
76423554957530
76423670333174
76423750924600
76423668540359
76423781123452
76423752446997
76423668540374
76423752447016
76423561492222
76423589998886
76423611119208
76423722611487
76423841208508
76423829065776
76423582534900
76423678084033
76423577030076
76423671073540
76423815573207
76423672610823
76423838849416
76423672161363
76423672161376
76423672161389
76423769741814
76423668426226
76423668426239
76423752447023
76423756070370
76423731793615
76423752434000
76423680915063
76423781123478
76423593475972
76423698520009
76423851002086
76423779094030
76423669854883
76423669854896
76423669854950
76423671424964
76423671424977
76423671424980
76423751327478
76423671425029
76423671425031
76423751327493
76423749698412
76423751327503
76423671425044
76423779094042
76423669854876
76423669854947
76423779094055
76423670333146
76423970362394
76424078774388
76423904847562
76423904705990
76423904706013
76423907880276
76423967211815
76423967615849
76424097275613
76423865761710
76424096540181
76423967817548
76424126445824
76423861222011
