76424051913124
76424053105047
76423966691755
76424126527101
76423967590758
76424051815101
76423967590786
76424097856479
76424097856494
76424051815127
76423967590766
76423870807365
76423882933980
76423902391929
76423979138596
76423898801476
76423912621863
76423889158279
76423894776972
76424065910521
76424064126956
76424018110849
76424136721651
76424041262640
76423967590809
76423892983796
76423978630160
76424195741013
76424200741176
76424200456008
76424200867430
76424199674044
76424389621654
76424203736234
76424389412784
76424396467929
76424401542435
76424389621667
76424359284877
76424284473746
76424286112615
76424286112636
76424286112628
76424279278151
76424279278149
76424364641612
76424423152286
76424412872395
76424454981636
76424409409331
76424415918820
76424288657014
76424298947870
76424183006420
76424298045400
76424327392484
76424162661379
76424291836697
76424362413727
76424292423126
76424292423139
76424362604010
76424289996677
76424362604022
76424298246937
76424279834175
76424279834196
76424443367066
76424460892792
76424282861605
76424362604035
76424282861595
76424279834188
76424285404025
76424285404038
76424358271591
76424156078436
76424207398636
76424219202238
76424196423402
76424397641896
76424388139576
76424199723387
76424281280366
76424358097200
76424281280386
76424281280399
76424358097238
76424281280424
76424358097253
76424395282329
76424358655956
76424358655969
76424395282344
76424358655984
76424358656036
76424360213902
76424396627047
76424395282360
76424395282385
76424285404012
76424285404046
76424358656008
76424358097266
76424281280409
76424360213915
76424342099632
76424522436698
76424522664557
76424762154444
76424766897326
76424751414937
76424767751147
76424463854847
76424604221513
76424604482422
76424604482435
76424604482456
76424775449525
76424604482448
76424604482463
76424687701014
76424722922376
76424722922383
76424687701030
76424722922406
76424722922419
76424495517780
76424501885439
76424486157357
76424684631637
76424731484342
76424607985656
76424605857201
76424528101586
76424752648408
76424606816448
76424606816456
76424684994087
76424766675261
76424605339980
76424606853154
76424767016405
76424664804132
76424458449956
76424687701055
76424496119605
76424495917300
76424653571846
76424707284367
76424763139674
76424756298849
76424467352812
76424754633459
76424687400337
76424751901730
76424751901755
76424603756858
76424687400386
76424687400393
76424751901783
76424751901806
76424751901819
76424751509161
76424687400416
76424751509187
76424751901768
76424687400352
76424509586915
76424713102964
76424603756845
76424687400340
76424687400403
76424944678385
76424944678398
76425022024264
76424944678451
76424949152371
76424944250743
76424811388986
76425046484085
76424853059227
76425022009931
76425048893676
76424944678416
76424944678449
76424941733870
76424993106626
76425067830026
76425086318097
76424947725002
76424839915504
76424838591331
76424839694952
76424871529013
76424839915494
76424847147896
76424953528949
76424866568507
76424838901804
76424870272227
76424868689076
76424834942522
76424843219813
76424857728340
76424964908701
76424975382883
76425033287695
76424945053650
76424975096416
76425033287682
76425080832128
76425112254972
76424980541861
76425069655269
76425093573691
76425107228946
76424945008431
76424943876023
76424945008444
76424943876036
76424943876051
76424943876064
76424945008460
76424943876077
76424944250756
76424945008472
76424943876092
76424945008485
76424944250769
76424945008498
76424943554951
76424943554964
76424943554977
76424943554980
76424865602625
76425021336599
76424943554992
76425021336609
76425019887734
76424983047086
76424943876049
76424857728352
76424941561662
76424948191240
76425095427421
76424944138825
76425069655243
76425035034793
76424945008508
76424869046486
76424825231195
76425080832136
76424845333824
76425022515907
76424948809887
76425051593600
76424947724991
76425000187996
76424940379543
76425021436295
76425021436305
76425021436318
76425048893668
76425021436333
76425078092879
76425100668418
76425065601466
76424944678408
76425022024277
76424858578896
76424794802082
76424820469384
76424805647329
76424827054295
76424827054282
76424788495381
76424865412390
76424838901817
76424868689063
76424821961699
76424828322190
76424866011614
76425045121054
76425038634058
76425031337954
76425107154218
76425017424388
76425100668405
76425104093116
76425031337967
76424867376536
76425022199193
76424822046776
76424959284054
76425021436326
76425022199140
76424803123291
76425031337941
76424948191237
76424806540323
76424940449717
76424940379556
76424828665346
76424944678423
76424944678436
76425022024251
76424796695265
76424941837714
76425022024249
76424942660624
76424942660640
76424942660652
76424942660665
76425021336573
76424942660678
76424942660693
76424942660703
76424942660716
76424943125233
76424943125246
76424944250736
76424943125259
76425078092881
76425021336586
76424943125205
76424843219806
76424982025591
76424971680404
76424839915481
76424871001864
76425121488156
76425033983539
76425065601458
76424949009539
76425009016002
76425112254985
76424942660686
76424943125226
76424871529026
76424834942926
76425023098857
76425117008092
76424941561650
76424941837701
76424941837727
76425023383524
76424941837730
76425023383537
76425121829967
76425121829970
76424871528990
76425077856072
76424941331305
76424941331318
76424942108779
76425057342018
76424940354939
76425067830018
76424942660637
76424871529039
76424865387433
76424964908691
76425059443331
76424866951560
76424946643491
76424868179462
76424946643489
76424866011630
76424868179450
76424790354824
76424813510969
76424818104228
76424865070894
76424867376543
76425022199165
76425022199186
76425021817834
76425021817847
76425021817850
76425021817862
76425021817875
76425048893627
76425021817896
76425021817906
76425021817913
76425048893630
76425021817926
76425020465670
76425078092853
76425078092866
76425020465695
76425020465705
76425020465726
76425020465733
76425020465761
76425021718910
76425021718922
76425021718935
76425017424396
76425020465746
76425048893655
76424940379536
76424940449704
76425020465718
76424866011627
76425048893642
76421911175545
76422105687314
76422059013287
76422032427718
76422107633146
76422032133793
76422173959450
76422032133803
76422190524988
76422032133816
76422108924106
76422189879334
76422032451043
76422106853683
76422032451056
76422031395710
76422032133829
