76422031728039
76422169080082
76422146850886
76422098275096
76422062400723
76421970108846
76421970004335
76422053171243
76422108403778
76422108403786
76422108403803
76422170900016
76422108403793
76422070937902
76422031728041
76422093922599
76422070937877
76422029484560
76422039121356
76422169738736
76422029484557
76421954174166
76422157502411
76422038633864
76422027765253
76422027765266
76422027765281
76422027765294
76422027765304
76422108403816
76422132630565
76422027765279
76422108403829
76422181888865
76421724644930
76421887120044
76421724555616
76421860906381
76421890863341
76421814812339
76421858940166
76421724555843
76421814175437
76421814175440
76421735993225
76421722557598
76421809318144
76421725187498
76421727202216
76421889597398
76421811931877
76421880446006
76421725187551
76421736313035
76421798897086
76421866648970
76421628012833
76421724644942
76421860446406
76421860446413
76421828454721
76421737102692
76421646237683
76421802517650
76421649318783
76421816315974
76421610867400
76421874611446
76421738335509
76421849590051
76421849590064
76421849590077
76421723586039
76421725710275
76421418043066
76421570471299
76421418043073
76421548632533
76421418807812
76421418807825
76421571141977
76421418807838
76421411590816
76421411590831
76421496504039
76421496504041
76421416689715
76421415496936
76421411590829
76421415496892
76421415496928
76421424609346
76421320575842
76421336599090
76421350060571
76421306577103
76421538045555
76421421978609
76421418043032
76421336434596
76421418043045
76421556792041
76421423512130
76421409396672
76421409396685
76421530438935
76421530438956
76421415496880
76421531721326
76421494664673
76421342388378
76421342388365
76421531929745
76421531929758
76421415339274
76421409396708
76421523978383
76421472765282
76421530438963
76421530438948
76421556370888
76421531929732
76421530438976
76421415873443
76421099580865
76421152372718
76421099580886
76420979864750
76421099584937
76421100396329
76421268443711
76421099584952
76421037260217
76421179942414
76421099548666
76421180227951
76421103429482
76421101186727
76421101186755
76421120066578
76421103429441
76421268755713
76421099548645
76421101186768
76421103429495
76421103429454
76421103429467
76421180626968
76421180626914
76421179496839
76421099580878
76421038391184
76421023183298
76421226813436
76420987190464
76421029965596
76421269440370
76421028032184
76421243057505
76421108545807
76421243057518
76421243057559
76421243057561
76421243057574
76421243057587
76421235932371
76421243057526
76421243057546
76420725592022
76420697571950
76420797142002
76420797142015
76420807936190
76420796865440
76420796865452
76420968690748
76420878858999
76420796865465
76420797277558
76420927656373
76420878058430
76420797277599
76420878058442
76420797434338
76420802494048
76420875309326
76420792199490
76420794387879
76420794387881
76420920209914
76420794387853
76420719419057
76420719419060
76420797142028
76420797277573
76420878058427
76420797277586
76420792199487
76420794387800
76420796255121
76420794387866
76420795675161
76420920209927
76420920426038
76420845931582
76420795675126
76420797277566
76420797197906
76420729255325
76420893809043
76420920209968
76420794387894
76420794387825
76420873572766
76420803345089
76420686725589
76420815735434
76420793277365
76420802956534
76420953815617
76420793277352
76420936787860
76420873572779
76420803345076
76420942337234
76420668439920
76420874784144
76420487186210
76420485967746
76420485967766
76420647922091
76420486288652
76420573576647
76420633080246
76420487651078
76420488381697
76420487651086
76420487651093
76420647319612
76420481802791
76420481802801
76420487651065
76420485967753
76420485967779
76420049931397
76420170937979
76420322949660
76420247934511
76420171251582
76420248333172
76420248333185
76420170860716
76420248333198
76420170860729
76420248333208
76420245584879
76420174768185
76420320220929
76420170937994
76420248333160
76420170860703
76420323573813
76420174768160
76420174768172
76420247934499
76420170937966
76420247934509
76419866694777
76419866694792
76420015634871
76419865875181
76419945570937
76419868111526
76419864458048
76419945785634
76419865875179
76420015310758
76419866694780
76419866694802
76419467885796
76419567074347
76419679285205
76419567074350
76419567074362
76419567074375
76419716952528
76419743171610
76419565994069
76419568721500
76419649754367
76419568721525
76419563803019
76419563803021
76419680058008
76419566216305
76419650600338
76419251019596
76419251019606
76419253108640
76419251019619
76419154310452
76419251019650
76419251019662
76419251019542
76419251019555
76419251019568
76419250377545
76419249592207
76419251816888
76419383863804
76419261894599
76419261894609
76419378085681
76419261894611
76419261694412
76419251019621
76419251816906
76419135804069
76419331537568
76419251816896
76419383863794
76419251019583
76419251019634
76419384763341
76418941304690
76418941304712
76418941304746
76418941304779
76418941400156
76418941400176
76418941400201
76418940627167
76419025417807
76419025128991
76419106309291
76418936698328
76418936698336
76418936698514
76418940627154
76418941304766
76419025128989
76418941707658
76418941400148
76419105937733
76419025417797
76418941304700
76418941400122
76418940627141
76419091042957
76418632164919
76418723507365
76418723507378
76418632449078
76418723510158
76418629975972
76418721773975
76418633800165
76418767732443
76418629975985
76418632164934
76418321950551
76418321950564
76418199583294
76418321950577
76418321950602
76418321950628
76418322164833
76418448657026
76418403903494
76418480288761
76418323334411
76418323334437
76418325202476
76418324110976
76418324110989
76418446798954
76418324110991
76418446798967
76418324111002
76418324111015
76418446798970
76418446798995
76418322657555
76418404815028
76418453864001
76418441438528
76418322164846
76418313419242
76418192217938
76418446798982
76418321950615
76418323459067
76418321950636
76418321950592
76418484364499
76418003327036
76418003327043
76417890445461
76418003327069
76418089554584
76418003327071
76418003327097
76418003327107
76418001371744
76418008459248
76418001371760
76418156590182
76418148863402
76418003678272
76418004635646
76418089274858
76418004635661
76418003327028
76418003327084
76418009041433
76418003327056
76418001371757
76418004635659
76418000947958
76418142317850
76417882679195
